0
0
0
0
0
0
0
0
0
0
0
0
0
0
0
0
0
0
0
0
0
0
0
0
0
0
0
0
0
0
0
0
0
0
0
0
0
0
0
0
0
0
0
0
0
0
0
0
0
0
0
0
0
0
0
0
0
0
0
0
0
0
0
0
0
0
0
0
0
0
0
0
0
0
0
0
0
0
0
0
0
0
0
0
0
0
0
0
0
0
0
0
0
0
0
0
0
0
0
0
0
0
0
0
0
0
0
0
0
0
0
0
0
0
0
0
0
0
0
0
0
0
0
0
0
0
0
0
0
0
0
0
0
0
0
0
0
0
0
0
0
0
0
0
0
0
0
0
0
0
0
0
0
0
0
0
0
0
0
0
0
0
0
0
0
0
0.00138669
0.00137912
0.00137186
0.00136478
0.00135766
0.00135018
0.00134333
0.00133643
0.00133003
0.00132328
0.00131679
0.00131007
0.00130412
0.00129762
0.00129119
0.00128462
0.00127841
0.00127178
0.00126608
0.00125986
0.00125332
0.00124788
0.00124221
0.00123612
0.00123038
0.00122414
0.00121859
0.00121309
0.0012079
0.00120241
0.00119672
0.00119158
0.0011859
0.00118069
0.00117536
0.00117008
0.00116485
0.00115966
0.00115492
0.00114982
0.00114469
0.00113983
0.00113494
0.00112994
0.00112506
0.00111962
0.00111453
0.00110971
0.00110514
0.00110011
0.00109591
0.00109132
0.00108655
0.0010819
0
0
0
0
0
0
0
0
0
0
0
0
0
0
0
0
0
0
0
0
0
0
0
0
0
0
0
0
0
0
0
0
0
0
0
0
0
0
0
0
0
0
0
0
0
0
0
0
0
0
0
0
0
0
0
0
0
0
0
0
0
0
0
0
0
0
0
0
0
0
0
0
0
0
0
0
0
0
0
0
0
0
0
0
0
0
0
0
0
0
0
0
0
0
0
0
0
0
0
0
0
0
0
0
0
0
0
0
0
0
0
0
0
0
0
0
0
0
0
0
0
0
0
0
0
0
0
0
0
0
0
0
0
0
0
0
0
0
0
0
0
0
0
0
0
0
0
0
0
0
0
0
0
0
0
0
0
0
0
0
0
0
0
0
0
0
0
0
0
0
0
0
0
0
0
0
0
0
0
0
0
0
0
0
0
0
0
0
0
0
0
0
0
0
0
0
0
0
0
0
0
0
0
0
0
0
0
0
0
0
0
0
0
0
0
0
0
0
0
0
0
0
0
0
0
0
0
0
0
0
0
0
0
0
0
0
0
0
0
0
0
0
0
0
0
0
0
0
0
0
0
0
0
0
0
0
0
0
0
0
0
0
0
0
0
0
0
0
0
0
0
0
0
0
0
0
0
0
0
0
0
0
0
0
0
0
0
0
0
0
0
0
0
0
0
0
0
0
0
0
0
0
0
0
0
0
0
0
0
0
0
0
0
0
0
0
0.00142572
0.00141904
0.00141195
0.0014041
0.00139716
0.00138947
0.00138244
0.00137514
0.00136814
0.00136221
0.00135534
0.00134887
0.00134214
0.0013359
0.0013295
0.00132317
0.00131638
0.00130976
0.00130371
0.00129772
0.00129239
0.0012865
0.00128048
0.00127499
0.00126974
0.0012633
0.00125729
0.00125125
0.00124573
0.00123999
0.00123475
0.00122947
0.00122423
0.00121895
0.00121371
0.00120861
0.00120311
0.00119775
0.00119235
0.00118768
0.00118287
0.00117827
0.00117297
0.00116746
0.00116193
0.00115652
0.00115101
0.00114548
0.00114093
0.00113634
0.00113186
0.0011278
0.00112385
0.00111962
0.00111535
0.00111067
0.0011061
0.0011012
0.00109678
0.00109297
0.00108868
0.00108443
0.00108043
0.00107603
0.00107195
0.00106776
0.0010632
0.00105847
0.00105385
0.00104987
0.00104585
0.0010416
0.00103778
0.00103385
0.00102989
0.00102602
0.00102187
0.0010175
0.00101354
0.00101022
0.00100638
0.00100263
0.000999141
0.000995738
0.0009923
0.00098912
0.000985319
0.00098172
0.00097832
0.000974545
0.000971308
0.000968148
0.000964841
0.000961612
0.00095835
0.000955055
0.000952
0.000948695
0.000945037
0.000941939
0.000938703
0.000935646
0.000932714
0.000929956
0.000927059
0.000923975
0.000920963
0.000918071
0.000915047
0.000911893
0.000908711
0.000905649
0.000902853
0.000899831
0.000896974
0.00089423
0.000891504
0.000888699
0.000885724
0.000882628
0.000879322
0.000876317
0.000873652
0.000871095
0.000868236
0.000865531
0.000862887
0.000860393
0.000857913
0.000855271
0.00085282
0.000849993
0.000847443
0.000845123
0.000842602
0.000840266
0.000838026
0.000835506
0.000832959
0.000830344
0.000827664
0.000824919
0.000822436
0.000819887
0.000817595
0.000815315
0.000813048
0.000810675
0.000808394
0.00080601
0.000803523
0.000801012
0.000798594
0.000796229
0.000794256
0.000791954
0.000789815
0.000787575
0.000785497
0.000783392
0.000781006
0.000778525
0.000776205
0.000773862
0.000771748
0.000769716
0.000767872
0.000765826
0.00076386
0.0007618
0.000759994
0.00075792
0.000755824
0.00075367
0.000751428
0.000749266
0.000747284
0.000745479
0.000743517
0.000741664
0.000739722
0.00073779
0.000735835
0.000733988
0.000731957
0.000729906
0.000727993
0.000725963
0.000724071
0.000722063
0.000720129
0.000718391
0.000716538
0.000714633
0.000712769
0.000710823
0.000709009
0.000706964
0.000705109
0.000703413
0.000701607
0.000700015
0.000698168
0.000696447
0.000694589
0.000692799
0.000690875
0.000689132
0.000687229
0.000685533
0.000683957
0.000682249
0.000680522
0.000678914
0.000677204
0.000675393
0.000673782
0.000672124
0.000670421
0.000668887
0.000667094
0.000665549
0.000663746
0.000662164
0.000660642
0.000659126
0.000657514
0.000655884
0.000654442
0.000652955
0.000651398
0.000649798
0.000648382
0.000646897
0.000645394
0.000643824
0.000642187
0.000640656
0.000639084
0.000637519
0.000636035
0.000634655
0.000633016
0.000631552
0.000629905
0.000628551
0.000627156
0.000625814
0.000624243
0.000622774
0.000621265
0.000619855
0.000618475
0.000617101
0.000615824
0.000614485
0.000613106
0.000611688
0.00061021
0.000608695
0.000607231
0.000606017
0.000604653
0.000603253
0.000601902
0.000600622
0.000599262
0.000597907
0.000596495
0.000595047
0.000593796
0.000592361
0.000590891
0.000589595
0.000588346
0.000587061
0.0005857
0.000584447
0.00058324
0.000581957
0.000580558
0.000579186
0.000577781
0.000576482
0.000575308
0.000574059
0.00114583
0.00114347
0.0011412
0.00113882
0.00113642
0.00113406
0.00113144
0.00112891
0.00112597
0.00112358
0.00112113
0.00111872
0.00111613
0.00111367
0.001111
0.00110838
0.00110566
0.00110291
0.00110018
0.00109776
0.00109519
0.00109279
0.00109057
0.00108801
0.00108571
0.00108302
0.0010806
0.0010777
0.0010753
0.00107285
0.00107047
0.0010681
0.00106588
0.0010636
0.00106133
0.00105904
0.00105662
0.00105432
0.00105209
0.00104987
0.00104766
0.00104539
0.00104343
0
0
0
0
0
0
0
0
0
0
0
0
0
0
0
0
0
0
0
0
0
0
0
0
0
0
0
0
0
0
0
0
0
0
0
0
0
0
0
0
0
0
0
0
0
0
0
0
0
0
0
0
0
0
0
0
0
0
0
0
0
0
0
0
0
0
0
0
0
0
0
0
0
0
0
0
0
0
0
0
0
0
0
0
0
0
0
0
0
0
0
0
0
0
0
0
0
0
0
0
0
0
0
0
0
0
0
0
0
0
0
0
0
0
0
0
0
0
0
0
0
0
0
0
0
0
0
0
0
0
0
0
0
0
0
0
0
0
0
0
0
0
0
0
0
0
0
0
0
0
0
0
0
0
0
0
0
0
0
0
0
0
0
0
0.00133365
0.00132792
0.0013217
0.00131513
0.00130904
0.00130269
0.00129641
0.00129039
0.00128422
0.00127871
0.00127314
0.00126772
0.00126167
0.00125597
0.00125041
0.00124471
0.00123842
0.00123292
0.0012273
0.00122199
0.00121717
0.0012123
0.00120755
0.00120215
0.00119663
0.00119141
0.00118607
0.00118078
0.0011757
0.00117058
0.00116615
0.0011616
0.00115685
0.00115245
0.00114768
0.00114273
0.00113804
0.00113255
0.00112742
0.00112271
0.00111872
0.00111468
0.00111052
0.0011058
0.00110135
0.00109678
0.00109275
0.0010879
0.00108302
0.00107833
0.0010743
0.00107064
0.00106673
0.00106279
0.00105867
0.00105439
0.00105027
0.00104578
0.00104154
0.00103732
0.00103327
0.00102957
0.00102577
0.00102199
0.00101818
0.00101459
0.00101065
0.00100668
0.00100263
0.000998961
0.000995619
0.000991709
0.000988299
0.000984969
0.00098172
0.000978206
0.000974602
0.000970968
0.000967417
0.000963614
0.000960283
0.000957084
0.000953743
0.00095048
0.000947239
0.000944073
0.000940929
0.00093791
0.000934597
0.000931203
0.000928143
0.000925309
0.000922543
0.000919692
0.000916859
0.000913743
0.000911046
0.000908216
0.000905158
0.00090212
0.000899345
0.000896346
0.000893511
0.000890837
0.000888131
0.000885395
0.000882768
0.000880204
0.000877147
0.000874432
0.00087146
0.000868734
0.000865981
0.000863334
0.000860748
0.000858178
0.000855403
0.000852864
0.000850123
0.0008474
0.000844823
0.000841963
0.000839588
0.000837226
0.000834711
0.000832335
0.000830055
0.000827787
0.000825369
0.000822923
0.000820493
0.000817795
0.000815195
0.00081285
0.000810754
0.00080859
0.0008064
0.000804065
0.000801706
0.000799361
0.000797029
0.000794673
0.000792104
0.000789777
0.000787612
0.000785386
0.000783466
0.000781335
0.000779253
0.000777146
0.000774905
0.00077275
0.000770428
0.00076812
0.000766002
0.000764105
0.000762044
0.000760306
0.000758369
0.000756338
0.000754353
0.000752445
0.000750447
0.000748257
0.000745979
0.000743815
0.000741895
0.000740083
0.000738247
0.000736583
0.0007347
0.000732987
0.000731154
0.000729363
0.000727357
0.000725237
0.000723223
0.000721469
0.000719756
0.000717896
0.000716168
0.000714327
0.000712494
0.000710702
0.000708858
0.000707054
0.000705288
0.000703324
0.000701636
0.000699868
0.000698197
0.000696418
0.000694908
0.000693058
0.000691362
0.000689674
0.000687739
0.000685928
0.000684041
0.000682305
0.000680689
0.000679025
0.000677397
0.000675886
0.000674382
0.00067264
0.000670907
0.000669398
0.000667789
0.000666081
0.000664514
0.000662928
0.000661376
0.000659752
0.000658163
0.000656633
0.000655136
0.000653569
0.000651882
0.00065033
0.000648887
0.000647249
0.00064582
0.000644297
0.000642731
0.000641198
0.000639844
0.000638398
0.000636813
0.000635259
0.000633786
0.000632439
0.000630907
0.000629548
0.00062803
0.000626708
0.00062525
0.000623823
0.000622494
0.000620987
0.000619464
0.000617993
0.000616644
0.000615233
0.000613828
0.000612407
0.000610971
0.000609607
0.000608184
0.000606634
0.000605312
0.000603974
0.000602642
0.000601272
0.000599974
0.000598659
0.000597372
0.000596068
0.000594792
0.000593521
0.000592193
0.000590828
0.000589553
0.000588305
0.00058702
0.00058572
0.000584549
0.00058322
0.000582059
0.00058072
0.000579388
0.000578102
0.000576841
0.000575566
0.000574396
0.000573072
0.000571853
0.000570639
0.000569509
0.000568227
0.000567048
0.000565835
0.000564627
0.000563463
0.000562322
0.000561167
0.000560017
0.00111789
0.0011158
0.00111364
0.00111141
0.0011093
0.00110702
0.00110448
0.001102
0.00109953
0.00109718
0.00109476
0.00109229
0.00109004
0.00108751
0.00108486
0.00108243
0.00108022
0.00107798
0.00107575
0.00107361
0.00107126
0.00106913
0.00106711
0.00106493
0.00106262
0.00106039
0.00105807
0.00105579
0.00105345
0.00105133
0.00104888
0.0010468
0.0010446
0.00104251
0.00104059
0.00103823
0.00103594
0.00103369
0.00103135
0.00102931
0.00102744
0.00102548
0.0010235
0.00102159
0.0010198
0.00101806
0.00101632
0.00101437
0.00101265
0.0010109
0.00100903
0.00100723
0.00100535
0.00100338
0.0010016
0.0009998
0.000998094
0.000996423
0.000994758
0.000993216
0.000991621
0.00099003
0.000988299
0.00098666
0.000985086
0.0009834
0.000981749
0.000980017
0.000978349
0.000976686
0.000975029
0.000973407
0.000971874
0.000970318
0.000968711
0.000967165
0.000965512
0.000963893
0.000962251
0.000960698
0.000958929
0.000957249
0.000955767
0.000954126
0.000952599
0.000951022
0.000949262
0.000947616
0.000945949
0.00094426
0.000942605
0.000940822
0.00093902
0.000937356
0.00093562
0.000933864
0.000932166
0.000930501
0.000928971
0.000927368
0.000925746
0.000924103
0.000922569
0.000920988
0.000919464
0.000917869
0.000916355
0.000914947
0.000913392
0.000911943
0.000910448
0.000908835
0.000907153
0.000905526
0.000903906
0.000902315
0.000900779
0.000899248
0.00089765
0.000896154
0.000894759
0.000893344
0.000891933
0.000890527
0.000889268
0.000887942
0.000886643
0.000885395
0.000884197
0.000882909
0.000881391
0.000879972
0.00087858
0.00087717
0.000875718
0.000874386
0.000873012
0.000871779
0.000870481
0.000869233
0.000868078
0.000866724
0.000865374
0.00086405
0.000862753
0.000861482
0.000860259
0.000858974
0.000857824
0.00085659
0.000855403
0.000854175
0.000852929
0.000851665
0.00085047
0.0008493
0.00084809
0.000846797
0.000845552
0.000844224
0.000842943
0.000841751
0.000840605
0.000839398
0.000838153
0.00083689
0.000835568
0.000834376
0.000833208
0.000831981
0.000830841
0.000829579
0.000828384
0.00082713
0.000826064
0.000824899
0.000823798
0.000822538
0.000821382
0.00082023
0.000819081
0.000818076
0.000816913
0.000815814
0.000814617
0.000813544
0.000812473
0.000811445
0.000810379
0.000809337
0.000808296
0.000807259
0.000806224
0.000805056
0.000804085
0.000802768
0.000801706
0.000800378
0.00079915
0.00079804
0.000796952
0
0
0
0
0
0
0
0
0
0
0
0
0
0
0
0
0
0
0
0
0
0
0
0
0
0
0
0
0
0
0
0
0
0
0
0
0
0
0
0
0
0
0
0
0
0
0
0
0
0
0
0
0
0
0
0
0
0
0
0
0
0
0
0
0
0
0
0
0
0
0
0
0
0
0
0
0
0
0
0
0
0
0
0
0
0
0
0
0
0
0
0
0
0
0
0
0
0
0
0
0
0
0
0
0
0
0
0
0
0
0
0
0
0
0
0
0
0
0
0
0
0
0
0
0
0
0
0
0
0
0
0
0
0
0
0
0
0
0
0
0
0
0
0
0
0
0
0
0
0
0
0
0
0
0
0
0
0
0
0
0
0
0
0
0
0
0
0
0
0
0
0
0
0
0
0
0
0
0
0
0
0
0
0
0
0
0
0
0
0
0
0
0
0
0
0
0
0
0
0
0
0
0
0
0
0
0
0
0
0
0
0
0
0
0
0
0
0
0
0
0
0
0
0
0
0
0
0
0
0
0
0
0
0
0
0
0
0
0
0
0
0
0
0
0
0
0
0
0
0
0
0
0
0
0
0
0
0
0
0
0
0
0
0
0
0
0
0
0
0
0
0
0
0
0
0
0
0
0
0
0
0
0
0
0
0
0
0
0
0
0
0
0
0
0
0
0
0
0
0
0
0
0
0
0
0
0
0
0
0
0
0
0
0
0
0
0
0
0
0
0
0
0
0
0
0
0
0
0
0
0
0
0
0
0
0
0
0
0
0
0
0
0
0
0
0
0
0
0
0
0
0
0
0
0
0
0
0
0
0
0
0
0
0
0
0
0
0
0
0
0
0
0
0
0
0
0
0
0
0
0
0
0
0
0
0
0
0
0
0
0
0
0
0
