-nan
-nan
-nan
-nan
-nan
-nan
-nan
-nan
-nan
-nan
-nan
-nan
-nan
-nan
-nan
-nan
-nan
-nan
-nan
-nan
-nan
-nan
-nan
-nan
-nan
-nan
-nan
-nan
-nan
-nan
-nan
-nan
-nan
-nan
-nan
6.863
6.96395
7.09013
7.25889
7.52541
7.87492
8.14027
8.34871
8.51507
8.64255
8.7415
8.81751
8.87458
8.91888
8.9541
8.98377
9.00953
9.03271
9.05384
9.07335
9.09021
9.10375
9.11489
9.12329
9.12953
9.13415
9.13751
9.13971
9.14084
9.14006
9.13688
9.13116
9.12312
9.11334
9.10233
9.09058
9.07832
9.06548
9.05187
9.03727
9.02158
9.00455
8.98631
8.96695
8.94653
8.92503
8.90215
8.87766
8.85135
8.82322
8.7933
8.7617
8.72882
8.6948
8.65981
8.62403
8.58751
8.55039
8.51279
8.4748
8.4365
8.39794
8.35934
8.32086
8.2825
8.24426
8.20612
8.16807
8.13011
8.09222
8.05439
8.0166
7.97898
7.94164
7.9049
7.86868
7.83289
7.79758
7.76265
7.72813
7.69408
7.6604
7.62733
7.59514
7.56404
7.53421
7.50561
7.47818
7.452
7.42712
7.40359
7.38143
7.3607
7.34141
7.32348
7.30678
7.291
7.27579
7.2607
7.24548
7.22992
7.21386
7.19735
7.18017
7.16209
7.14301
7.12291
7.10179
7.07975
7.05685
7.03332
7.00932
6.98493
6.96018
6.96018
6.96018
6.96018
6.96018
6.96018
6.96018
6.96018
6.96018
6.96018
6.96018
6.96018
6.96018
6.96018
6.96018
6.96018
6.96018
6.96018
6.96018
6.96018
6.96018
6.96018
6.93614
6.91318
6.89129
6.87046
6.85074
6.83221
6.81497
6.79922
6.78501
6.77233
6.7612
6.75162
6.74359
6.73706
6.732
6.72861
6.72726
6.72799
6.73076
6.73545
6.74177
6.74921
6.75713
6.76502
6.77253
6.7795
6.78579
6.79138
6.79625
6.80046
6.80409
6.80721
6.80988
6.81224
6.81432
6.81624
6.81807
6.81984
6.82158
6.82328
6.82496
6.82664
6.82835
6.83005
6.83173
6.83336
6.83491
6.83635
6.83769
6.83891
6.84
6.84094
6.84174
6.84239
-nan
-nan
-nan
-nan
-nan
-nan
-nan
-nan
-nan
-nan
-nan
-nan
-nan
-nan
-nan
-nan
-nan
-nan
-nan
-nan
-nan
-nan
-nan
-nan
-nan
-nan
-nan
-nan
-nan
-nan
-nan
-nan
-nan
-nan
-nan
6.83254
6.93285
7.0581
7.22531
7.48785
7.80843
8.05787
8.25712
8.41901
8.54519
8.64307
8.71886
8.77747
8.82477
8.86451
8.8987
8.92902
8.95682
8.98255
9.00658
9.02805
9.04605
9.06148
9.07396
9.08407
9.09233
9.09932
9.1053
9.11013
9.11297
9.1136
9.11177
9.10765
9.10169
9.09434
9.08605
9.07702
9.06729
9.05667
9.04493
9.03192
9.01733
9.00127
8.98385
8.9652
8.94529
8.92381
8.90052
8.87521
8.8479
8.81864
8.78757
8.75508
8.72136
8.68658
8.65092
8.61446
8.57735
8.53974
8.50171
8.46333
8.42466
8.38593
8.3473
8.30879
8.27037
8.23206
8.19385
8.15574
8.11771
8.07974
8.04183
8.00409
7.96686
7.93039
7.89459
7.85935
7.8247
7.79052
7.75684
7.72369
7.69097
7.65889
7.62772
7.59771
7.56902
7.54161
7.51543
7.49055
7.46703
7.44491
7.4242
7.40495
7.38711
7.37052
7.35491
7.33987
7.32495
7.30969
7.29388
7.27739
7.26017
7.24233
7.22369
7.20414
7.18362
7.16215
7.13977
7.11656
7.09262
7.06815
7.04332
7.01818
7.01818
7.01818
7.01818
7.01818
7.01818
7.01818
7.01818
-nan
-nan
-nan
-nan
-nan
-nan
-nan
-nan
-nan
-nan
-nan
-nan
-nan
-nan
-nan
-nan
-nan
-nan
-nan
-nan
-nan
-nan
-nan
-nan
-nan
-nan
-nan
-nan
-nan
-nan
-nan
-nan
-nan
-nan
-nan
6.86515
6.96955
7.10063
7.27785
7.56793
7.94345
8.22267
8.43992
8.61378
8.7469
8.84764
8.92339
8.9791
9.0203
9.05138
9.07632
9.09688
9.11483
9.13044
9.143
9.15224
9.158
9.16145
9.16304
9.16311
9.1622
9.16081
9.15907
9.15697
9.15372
9.14878
9.14194
9.13336
9.12343
9.11258
9.10126
9.08969
9.07764
9.06489
9.05121
9.03643
9.02027
9.00277
8.98406
8.96422
8.94322
8.92078
8.89663
8.8706
8.84264
8.81282
8.78127
8.74837
8.71428
8.67916
8.64312
8.60625
8.56867
8.5305
8.49184
8.45281
8.41349
8.37411
8.33485
8.29572
8.2567
8.21783
8.17909
8.14049
8.10202
8.06364
8.02537
7.98731
7.94979
7.91305
7.87699
7.84155
7.80671
7.77238
7.73857
7.70532
7.67252
7.64038
7.60918
7.57915
7.55045
7.52304
7.49688
7.47204
7.44858
7.42653
7.40593
7.38682
7.36917
7.3528
7.33745
7.3227
7.30807
7.29308
7.27752
7.26128
7.2443
7.22668
7.20826
7.18892
7.16859
7.1473
7.1251
7.10206
7.07828
7.05396
7.02927
7.00428
7.00428
7.00428
7.00428
7.00428
7.00428
7.00428
7.00428
7.00428
7.00428
7.00428
7.00428
7.00428
7.00428
7.00428
7.00428
7.00428
7.00428
7.00428
7.00428
7.00428
7.00428
6.97969
6.95622
6.93384
6.91255
6.89232
6.87323
6.85534
6.83875
6.8237
6.8102
6.79827
6.78792
6.77916
6.77198
6.76634
6.76219
6.75973
6.75934
6.76101
6.76462
6.76993
6.77648
6.78367
6.79087
6.79767
6.80388
6.80945
6.81432
6.81851
6.82205
6.825
6.82745
6.82946
6.83114
6.8326
6.83388
6.83507
6.83624
6.83743
6.83865
6.83989
6.84115
6.84245
6.84382
6.84523
6.84665
6.84804
6.8494
6.8507
6.85193
6.85307
6.85409
6.85495
6.85566
6.8562
6.85659
6.85681
6.85688
6.85677
6.85635
6.85564
6.85466
6.85341
6.85191
6.85021
6.84835
6.84638
6.8443
6.84215
6.83993
6.83765
6.83529
6.83287
6.83039
6.82789
6.82536
6.82283
6.82035
6.81793
6.81556
6.81323
6.81097
6.80878
6.80671
6.80475
6.80288
6.80113
6.79949
6.79796
6.79651
6.79516
6.79388
6.79269
6.79159
6.79058
6.78969
6.78891
6.78827
6.78776
6.78731
6.78688
6.78649
6.78613
6.78581
6.78554
6.78531
6.78517
6.78511
6.78518
6.78539
6.78576
6.78628
6.78694
6.78777
6.78876
6.78993
6.79128
6.79285
6.79463
6.79662
6.79884
6.80129
6.80398
6.80692
6.81012
6.81358
6.81734
6.82143
6.82587
6.83064
6.83576
6.84122
6.84707
6.85334
6.86007
6.86728
6.87503
6.88337
6.89236
6.902
6.91224
6.92306
6.93448
6.94645
6.95887
6.97171
6.98494
6.99852
7.01243
7.02664
7.04092
7.05517
7.0692
7.083
7.09659
7.10997
7.12315
7.13619
7.14913
7.16198
7.17479
7.18761
7.20048
7.21344
7.22655
7.23989
7.25352
7.26752
7.28192
7.2968
7.31222
7.3284
7.34561
7.36387
7.38313
7.40301
7.42345
7.44384
7.46367
7.48245
7.50014
7.51678
7.53229
7.54602
7.55782
7.56782
7.5763
7.58353
7.58972
7.59485
7.59895
7.60207
7.60429
7.60568
7.60632
7.60626
7.60554
7.60426
7.60253
7.60051
7.59816
7.59546
7.59237
7.5889
7.58504
7.5808
7.57621
7.57131
7.56615
7.56072
7.55505
7.54914
7.54298
7.53658
7.52995
7.5231
7.51605
7.50885
7.50149
7.49397
7.48631
7.4785
7.47054
7.46245
7.45425
7.44596
7.4376
7.42917
7.42069
7.41217
7.40361
7.39501
7.38635
7.37764
7.36888
7.36009
7.35126
7.34239
7.33348
7.32456
7.31564
7.31564
7.31564
7.31564
7.31564
7.31564
7.31564
7.31564
7.31564
7.31564
7.31564
7.31564
7.31564
7.31564
7.31564
7.31564
7.31564
7.31564
7.31564
7.31564
7.31564
7.31564
7.31564
7.31564
7.31564
7.31564
7.31564
7.31564
7.31564
7.31564
7.31564
7.31564
7.31564
7.31564
7.31564
7.31564
7.31564
7.31564
7.31564
7.31564
7.31564
7.31564
7.31564
7.31564
7.31564
7.31564
7.31564
7.31564
7.31564
7.31564
7.31564
7.31564
7.31564
7.31564
7.31564
7.31564
7.30732
7.30005
7.29379
7.28843
7.28377
7.27977
7.27638
7.27354
7.27087
7.26808
7.26505
7.26172
7.25811
7.25425
7.25017
7.24591
7.2415
7.23697
7.23234
7.22763
7.22284
7.21798
7.21307
7.20811
7.20312
7.1981
7.19307
7.18805
7.18304
7.17804
7.17306
7.16812
7.16323
-nan
-nan
-nan
-nan
-nan
-nan
-nan
-nan
-nan
-nan
-nan
-nan
-nan
-nan
-nan
-nan
-nan
-nan
-nan
-nan
-nan
-nan
-nan
-nan
-nan
-nan
-nan
-nan
-nan
-nan
-nan
-nan
-nan
-nan
-nan
6.85921
6.9595
7.08491
7.25265
7.51712
7.86285
8.11789
8.31397
8.46882
8.58648
8.67555
8.74281
8.79202
8.82832
8.85584
8.87806
8.89654
8.91269
8.92696
8.93996
8.95109
8.95984
8.96724
8.9729
8.9774
8.98108
8.98429
8.98724
8.98996
8.99161
8.99145
8.98924
8.9851
8.9795
8.97286
8.96543
8.95737
8.9485
8.93867
8.92766
8.91536
8.90152
8.88629
8.86978
8.8521
8.83322
8.81286
8.79079
8.76683
8.74094
8.71319
8.68368
8.65275
8.62054
8.58726
8.55308
8.51806
8.48232
8.4461
8.40947
8.3725
8.33525
8.29791
8.26066
8.2235
8.18642
8.14943
8.11251
8.07567
8.03887
8.00211
7.96536
7.92874
7.89261
7.85719
7.8227
7.78904
7.75617
7.72397
7.69244
7.66157
7.63123
7.60163
7.57305
7.54571
7.51978
7.49522
7.47197
7.4501
7.42967
7.41071
7.3932
7.37718
7.36248
7.34885
7.33585
7.32293
7.30953
7.29522
7.27989
7.26353
7.24615
7.22798
7.20887
7.18876
7.16766
7.1456
7.12268
7.09898
7.0746
7.04976
7.02462
6.99925
6.99925
6.99925
6.99925
6.99925
6.99925
6.99925
6.99925
6.99925
6.99925
6.99925
6.99925
6.99925
6.99925
6.99925
6.99925
6.99925
6.99925
6.99925
6.99925
6.99925
6.97445
6.95078
6.92825
6.90686
6.88658
6.8674
6.84938
6.83261
6.81719
6.80337
6.79118
6.78063
6.77173
6.76449
6.75888
6.75485
6.75229
6.75141
6.75252
6.75548
6.75999
6.7656
6.7717
6.77772
6.78322
6.78806
6.7922
6.79569
6.79851
6.80075
6.80246
6.80372
6.80458
6.80512
6.80543
6.80561
6.80568
6.80574
6.80584
6.80602
6.80629
6.80664
6.80707
6.80759
6.80824
6.80898
6.80976
6.81058
6.81138
6.81215
6.81287
6.81351
6.81406
6.81448
6.81477
6.81494
6.81497
6.81486
6.81462
6.81422
6.81365
6.81291
6.81199
6.81089
6.80961
6.80819
6.80666
6.80505
6.80337
6.80166
6.79991
6.79811
6.79626
6.79434
6.79237
6.79038
6.78836
6.78633
6.78435
6.78241
6.78051
6.77865
6.77682
6.77505
6.77337
6.77178
6.77025
6.76881
6.76744
6.76613
6.76487
6.76365
6.76246
6.7613
6.76018
6.75909
6.75806
6.75708
6.75618
6.75534
6.75458
6.75386
6.75318
6.75255
6.75198
6.75145
6.751
6.75062
6.75034
6.7502
6.75021
6.75038
6.75071
6.75119
6.75183
6.75263
6.7536
6.75476
6.75613
6.75771
6.7595
6.76152
6.76377
6.76628
6.76903
6.77205
6.77534
6.77892
6.78281
6.78706
6.79163
6.79654
6.8018
6.80742
6.81345
6.81992
6.82688
6.83437
6.84245
6.85119
6.86059
6.87062
6.88128
6.89258
6.90454
6.9171
6.93024
6.94398
6.95834
6.97334
6.98902
7.00514
7.02147
7.03773
7.05381
7.0697
7.08537
7.10084
7.11615
7.13134
7.14646
7.1615
7.17654
7.19161
7.20675
7.22204
7.23755
7.25336
7.26952
7.28609
7.30309
7.32056
7.33873
7.35787
7.37785
7.39845
7.41908
7.44002
7.46069
7.48063
7.49946
7.5172
7.53386
7.54937
7.56305
7.5748
7.58475
7.59318
7.60037
7.60652
7.6116
7.61564
7.6187
7.62085
7.62218
7.62275
7.62262
7.62183
7.62049
7.61868
7.61659
7.61418
7.61141
7.60826
7.60472
7.60081
7.59652
7.59187
7.58692
7.5817
7.57622
7.57047
7.56449
7.55827
7.55181
7.54513
7.53823
7.53114
7.52387
7.51641
7.50878
7.50097
7.49301
7.4849
7.47665
7.46827
7.4598
7.45123
7.44258
7.43385
7.42507
7.41624
7.40736
7.39842
7.38943
7.3804
7.37134
7.36225
7.35312
7.35312
7.35312
7.35312
7.35312
7.35312
7.35312
7.35312
7.35312
7.35312
7.35312
7.35312
7.35312
7.35312
7.35312
7.35312
7.35312
7.35312
7.35312
7.35312
7.35312
7.35312
7.35312
7.35312
7.35312
7.35312
7.35312
7.35312
7.35312
7.35312
7.35312
7.35312
7.35312
7.35312
7.35312
7.35312
7.35312
7.35312
7.35312
7.35312
7.35312
7.35312
7.35312
7.35312
7.35312
7.35312
7.35312
7.35312
7.35312
7.35312
7.35312
7.35312
7.35312
7.35312
7.35312
7.35312
7.35312
7.35312
7.34492
7.33795
7.33214
7.32732
7.32317
7.31932
7.31569
7.31219
7.30871
7.30508
7.30119
7.29703
7.29261
7.28798
7.28317
7.27821
7.27313
7.26796
7.26272
7.25743
7.25208
7.2467
7.24128
7.23584
7.23038
7.22491
7.21943
7.21397
7.20854
7.20314
7.19777
7.19243
7.18714
7.18192
7.17678
7.17173
7.16678
7.16196
7.15727
7.15272
7.14829
7.144
7.13983
7.1358
7.13189
7.12812
7.12449
7.12101
7.11767
7.1145
7.1115
7.10866
7.10598
7.10347
7.10111
7.09891
7.09685
7.09495
7.09321
7.09165
7.09026
7.08903
7.08795
7.087
7.08617
7.08544
7.08481
7.08426
7.08379
7.0834
7.08308
7.08283
7.08265
7.08255
7.08256
7.08269
7.08292
7.08325
7.08368
7.08417
7.08469
7.08521
7.0857
7.08614
7.08652
7.08685
7.08711
7.0873
7.08741
7.08739
7.08725
7.08696
7.08654
7.08596
7.08522
7.08433
7.08331
7.08216
7.08091
7.07956
7.07814
7.07666
7.07512
7.07349
7.07179
7.07001
7.06813
7.06618
7.06414
7.06202
7.05984
7.05758
7.05528
7.05294
7.05059
7.04822
7.04582
7.0434
7.04093
7.03842
7.03584
7.03321
7.03051
7.02773
7.02489
7.02201
7.01907
7.01607
7.01301
7.00988
7.00666
7.00335
6.99994
6.99645
6.99285
6.98917
6.98543
6.98164
6.97779
6.97388
6.96991
6.96587
6.96177
6.9576
6.95336
6.94905
6.94468
6.94026
6.93579
6.93129
6.92676
6.9222
6.91759
6.91294
6.90826
6.90355
6.89879
6.89401
6.88919
6.88434
6.87949
6.87461
6.86972
6.8648
6.85987
6.85492
6.85
6.84509
6.84019
6.8353
6.8304
6.82552
6.82063
6.81573
6.81082
6.80591
6.80099
6.79609
6.79125
6.78647
6.78179
6.77723
6.77279
6.76851
6.76437
6.76041
6.75662
6.75302
6.74962
6.74642
6.7434
6.74051
-nan
-nan
-nan
-nan
-nan
-nan
-nan
-nan
-nan
-nan
-nan
-nan
-nan
-nan
-nan
-nan
-nan
-nan
-nan
-nan
-nan
-nan
-nan
-nan
-nan
-nan
-nan
-nan
-nan
-nan
-nan
-nan
-nan
-nan
-nan
6.87215
6.97464
7.10305
7.27571
7.55313
7.89624
8.15572
8.35867
8.52047
8.64331
8.73806
8.81057
8.86371
8.90401
8.93531
8.96122
8.98336
9.00301
-nan
-nan
-nan
-nan
-nan
-nan
-nan
-nan
-nan
-nan
-nan
-nan
-nan
-nan
-nan
-nan
-nan
-nan
-nan
-nan
-nan
-nan
-nan
-nan
-nan
-nan
-nan
-nan
-nan
-nan
-nan
-nan
-nan
-nan
-nan
6.81588
6.91291
7.03329
7.1921
7.43305
7.77825
8.0336
8.2309
8.38654
8.51307
8.61399
8.69392
8.75614
8.80634
8.84851
8.88471
8.91689
8.94669
8.97476
9.00006
9.02221
9.04078
9.0567
9.06968
9.08021
-nan
-nan
-nan
-nan
-nan
-nan
-nan
-nan
-nan
-nan
-nan
-nan
-nan
-nan
-nan
-nan
-nan
-nan
-nan
-nan
-nan
-nan
-nan
-nan
-nan
-nan
-nan
-nan
-nan
-nan
-nan
-nan
-nan
-nan
-nan
6.92893
7.02795
7.15153
7.3163
7.57296
7.88379
8.10924
8.27802
8.40769
8.50846
8.58891
8.65148
-nan
-nan
-nan
-nan
-nan
-nan
-nan
-nan
-nan
-nan
-nan
-nan
-nan
-nan
-nan
-nan
-nan
-nan
-nan
-nan
-nan
-nan
-nan
-nan
-nan
-nan
-nan
-nan
-nan
-nan
-nan
-nan
-nan
-nan
-nan
6.86479
6.9686
7.099
7.27526
7.56292
7.94617
8.22955
8.44933
8.62606
8.76019
8.86108
8.93636
8.98959
9.02769
9.05574
9.07608
9.09101
9.10144
9.1082
9.11245
9.11383
9.11225
9.10875
9.10419
9.09882
9.09292
9.08686
9.08081
9.07478
9.06806
9.06017
9.05086
9.04014
9.02842
9.01608
9.00356
8.99105
8.97863
8.96606
8.95304
8.93924
8.92435
8.90845
8.89162
8.87386
8.85512
8.83507
8.81342
8.78993
8.76456
8.73731
8.70828
8.67778
8.64597
8.61303
8.57915
8.5444
8.50885
8.47263
8.43585
8.39862
8.36102
8.32328
8.28559
8.24798
8.21043
8.17294
8.13551
-nan
-nan
-nan
-nan
-nan
-nan
-nan
-nan
-nan
-nan
-nan
-nan
-nan
-nan
-nan
-nan
-nan
-nan
-nan
-nan
-nan
-nan
-nan
-nan
-nan
-nan
-nan
-nan
-nan
-nan
-nan
-nan
-nan
-nan
-nan
-nan
-nan
-nan
-nan
-nan
-nan
-nan
-nan
-nan
-nan
-nan
-nan
-nan
-nan
-nan
-nan
-nan
6.90351
7.00731
7.13769
7.31375
7.6009
7.96131
-nan
-nan
-nan
-nan
-nan
-nan
-nan
-nan
-nan
-nan
-nan
-nan
-nan
-nan
-nan
-nan
-nan
-nan
-nan
-nan
-nan
-nan
-nan
-nan
-nan
-nan
-nan
-nan
-nan
-nan
-nan
-nan
-nan
-nan
-nan
6.89789
7.00122
7.13099
7.30608
7.59051
7.9575
8.23613
8.45363
8.62543
8.75401
8.84946
8.91973
8.96847
9.0029
9.02768
9.04648
9.06119
9.07328
9.08284
9.08999
9.09438
9.09581
9.09541
9.09367
9.09086
9.08732
9.08355
9.0797
9.07592
9.07144
9.06569
9.05837
9.04958
9.03966
9.02898
9.01796
9.00678
8.99546
8.98372
8.97136
8.95805
8.94346
8.92769
8.91084
8.89298
8.87405
8.85369
8.83161
8.80759
8.7816
8.75368
8.72393
8.6927
8.66021
8.62663
8.59216
8.55686
8.52088
8.48432
8.44725
8.40976
8.37194
8.334
8.29612
8.25831
8.22056
8.18289
8.14529
