1433216944448
0
1181
1245
1315
1383
1453
1522
1584
1659
1746
1811
1880
1944
2007
2078
2144
2210
2275
2340
2406
2471
2543
2615
2678
2748
2821
2892
2958
3026
3090
3156
3224
3291
3361
3432
3505
3577
3646
3715
3780
3848
3913
3979
4049
4116
4194
4264
4330
4397
4464
4529
4597
4664
4734
4807
4880
4948
5021
5096
5161
5231
5304
5377
5440
5512
5585
5658
5720
5784
5853
5924
5997
6060
6129
6190
6253
6317
6380
6442
6504
6560
6621
6678
6735
6794
6853
6916
6982
7041
7101
7165
7225
7291
7358
7424
7484
7542
7601
7669
7723
7777
7827
7886
7944
8009
8073
8131
8191
8248
8306
8366
8423
8481
8537
8591
8646
8706
8761
8815
8875
8936
8997
9058
9118
9177
9242
9300
9358
9414
9471
9526
9584
9643
9709
9768
9829
9886
9946
10003
10062
10129
10187
10252
10318
10387
10449
10514
10572
10633
10726
10787
10851
10911
10976
11043
11109
11177
11239
11303
11372
11436
11497
11559
11633
11703
11768
11834
11895
11956
12019
12085
12149
12212
12276
12344
12407
12471
12531
12595
12657
12722
12780
12844
12908
12974
13037
13105
13164
13229
13298
13356
13417
13483
13546
13615
13677
13739
13798
13861
13927
13987
14054
14116
14180
14244
14308
14372
14431
14495
14560
14622
14685
14750
14814
14886
14954
15019
15081
15150
15208
15272
15339
15405
1433217034155
0
5394
5460
5519
5583
5650
5712
5775
5842
5902
5968
6030
6095
6160
6228
6292
6355
6416
6480
6540
6606
6670
6738
6801
6864
6932
6996
7060
7130
7199
7258
7326
7390
7457
7521
7593
7661
7727
7804
7870
7937
8000
8077
8155
8247
8315
8386
8463
8527
8600
8666
8735
8799
8865
8932
8999
9071
9138
9202
9270
9341
9412
9487
9557
9624
9695
9767
9835
9903
9968
10036
10103
10167
10233
10293
10362
10424
10485
10552
10607
10667
10721
10778
10834
10896
10957
11016
11075
11130
11190
11244
11303
11359
11422
11476
11531
11592
11652
11709
11770
11830
11887
11943
12000
12058
12119
12177
12234
12292
12349
12412
12471
12527
12583
12642
12701
12759
12819
12876
12931
12991
13050
13111
13175
13235
13296
13349
13403
13457
13511
13571
13632
13687
13753
13814
13870
13924
13978
14036
14089
14164
14213
14272
14337
14398
14461
14517
14571
14633
14691
14752
14815
14871
14935
1433217468313
0
1237
1302
1367
1428
1490
1550
1611
1671
1731
1794
1859
1926
1991
2056
2120
2185
2245
2322
2407
2490
2572
2653
2713
2777
2844
2907
2991
3080
3155
3217
3284
3363
3448
3512
3582
3648
3713
3775
3832
3897
3962
4025
4093
4159
4223
4289
4363
4426
4487
4557
4623
4689
4755
4830
4898
4962
5026
5090
5166
5241
5311
5377
5443
5517
5591
5661
5731
5799
5871
5941
6009
6081
6143
6213
6277
6339
6399
6459
6524
6583
6638
6690
6750
6810
6871
6930
6986
7042
7096
7155
7211
7272
7334
7396
7454
7507
7563
7615
7674
7728
7781
7840
7898
7960
8020
8072
8125
8176
8230
8293
8349
8404
8457
8512
8570
8623
8678
8733
8787
8845
8899
8952
9013
9071
9129
9190
9241
9295
9351
9410
9467
9524
9586
9644
9703
9760
9814
9866
9921
9980
10037
10100
10165
10232
10300
10356
10414
10469
10526
10584
10640
10705
10772
10836
10900
10958
11018
11076
11140
11200
11260
11328
11386
11451
11514
11571
11629
11690
11745
11804
11870
11929
11995
12056
12120
12182
12235
12297
12356
12418
12476
12536
12596
12661
12725
12784
12843
12896
12955
13016
13072
13126
13193
13256
13320
13379
13441
13498
13556
13614
13673
13732
13790
13853
13915
13978
14033
14090
14145
14209
14276
14344
14411
14480
14550
14608
14667
14725
14778
14830
14886
14943
15006
15068
15135
15196
15249
15309
15369
15426
15489
15548
15609
15676
15746
15815
15875
15936
16001
16060
16121
16183
16244
16310
16380
16444
16498
16561
16623
16681
16738
16796
16850
16915
16977
17036
17102
17159
17215
17274
17332
17391
17451
17507
17568
17636
17694
17755
17813
17869
17922
17978
18038
18097
18154
18214
18277
18341
18403
18460
18522
18581
18638
18695
18754
18817
18883
18954
19019
19077
19133
19196
19256
19315
19371
19427
19487
19543
19608
19667
19721
19780
19835
19888
19948
20009
20072
20137
20204
20265
20328
20385
20442
20499
20559
20617
20678
20742
20807
20870
20932
20984
21045
21102
21162
21218
21275
21340
21408
21472
21537
21596
21653
21705
21763
21819
21878
21930
21990
22051
22114
22180
22244
22303
22357
22416
22472
22531
22590
22650
22707
22770
22834
22894
22958
23018
23082
23144
23200
23260
23322
23383
23447
23507
23575
23637
23694
23755
23809
23872
23931
23995
24057
24124
24185
24252
24312
24368
24429
24491
24549
24611
24677
24736
24797
24860
24917
24984
25042
25110
25170
25228
25286
25348
25411
25467
25525
25586
25649
25705
25764
25824
25887
25953
26015
26079
26143
26204
26261
26329
26390
26459
26516
26575
26632
26699
26762
26827
26888
26948
27008
27064
27123
27184
27247
27313
27381
27447
27502
27564
27628
27690
27749
27812
27875
27941
28009
28068
28136
28206
28268
28328
28390
28456
28517
28576
28639
28708
28776
28846
28911
28970
29033
29091
29151
29209
29270
29332
29393
29461
29527
29604
29667
29732
29796
29865
29931
30003
30074
30148
30223
30298
30365
30436
30503
30565
30637
30702
30778
30847
30930
30999
31070
31139
31208
31273
31340
31407
31475
31547
31616
31683
31750
31817
31886
31946
1433217530111
0
2345
2410
2484
2553
2616
2678
2739
2799
2863
2926
2988
3054
3119
3181
3245
3305
3366
3429
3489
3551
3616
3677
3740
3806
3870
3936
3997
4056
4118
4180
4242
4307
4366
4434
4501
4567
4632
4696
4761
4828
4892
4955
5020
5087
5157
5233
5301
5364
5428
5496
5565
5637
5701
5774
5841
5909
5979
6047
6117
6179
6243
6312
6375
6445
6515
6584
6653
6722
6784
6850
6926
6988
7050
7118
7183
7247
7316
7370
7427
7480
7535
7595
7652
7716
7771
7828
7882
7938
7994
8047
8104
8160
8219
8279
8339
8393
8450
8506
8565
8622
8676
8729
8787
8848
8899
8952
9007
9060
9118
9176
9233
9291
9349
9401
9459
9517
9572
9624
9683
9736
9790
9849
9906
9964
10027
10083
10133
10192
10249
10304
10361
10417
10477
10535
10589
10640
10692
10747
10801
10862
10920
10978
11046
11105
11165
11228
11285
11344
11401
11459
11513
11575
11634
11697
11766
11825
11882
11941
11999
12066
12126
12187
12252
12321
12382
12439
12497
12551
12610
12673
12732
12794
12856
12916
12978
13034
13091
13147
13210
13270
13329
13390
13458
13518
13580
13639
13693
13748
13802
13864
13928
13989
14052
14115
14176
14238
14292
14348
14407
14462
14522
14585
14645
14716
14783
14845
14898
14952
15008
15072
15133
15196
15252
15320
15389
15456
15514
15567
15624
15682
15743
15807
15869
15937
16002
16067
16130
16188
16248
16308
16369
16427
16491
16556
16623
16684
16740
16806
16864
16921
16977
17038
17101
17165
17228
17296
17356
17414
17475
17535
17595
17654
17713
17770
17833
17898
17957
18012
18066
18122
18178
18240
18294
18351
18413
18475
18532
18594
18653
18709
18766
18824
18880
18935
19001
19060
19125
19185
19246
19305
19363
19421
19484
19542
19605
19668
19728
19795
19851
19907
19967
20024
20079
20134
20193
20253
20313
20380
20445
20504
20557
20612
20668
20728
20789
20850
20911
20973
21041
21103
21161
21221
21273
21331
21388
21446
21508
21568
21633
21698
21758
21812
21871
21921
21977
22036
22094
22150
22209
22274
22342
22407
22465
22520
22576
22627
22685
22738
22795
22851
22914
22981
23045
23101
23156
23216
23272
23332
23392
23451
23512
23572
23631
23697
23754
23814
23871
23932
23984
24048
24107
24166
24234
24298
24365
24427
24485
24545
24604
24659
24714
24778
24842
24898
24958
25022
25081
25141
25200
25262
25323
25382
25440
25501
25567
25628
25685
25750
25807
25868
25931
25993
26048
26107
26172
26236
26297
26353
26417
26474
26538
26594
26656
26717
26774
26839
26905
26969
27028
27090
27152
27215
27279
27340
27404
27474
27534
27595
27656
27719
27779
27840
27900
27961
28021
28081
28144
28209
28270
28330
28392
28455
28512
28577
28634
28700
28766
28830
28893
28957
29016
29083
29145
29207
29265
29331
29392
29455
29518
29579
29639
29700
29761
29818
29874
29932
29992
30049
30111
30180
30248
30316
30381
30448
30517
30580
30651
30726
30795
30858
30922
30986
31048
31116
31178
31237
31301
31369
31435
31504
31572
31642
31706
31780
31843
31910
31974
32033
32106
32177
32247
32320
32384
32443
32505
32568
32629
32686
32742
32798
32861
32917
32974
33035
33094
33156
33221
33280
33340
33397
33453
33509
33561
33615
33669
33728
33784
33838
33896
33953
34013
34071
34129
34187
34244
34298
34353
34410
34465
34524
34582
34641
34697
34761
34822
34876
34936
34992
35050
35115
35176
35238
35301
35363
35430
35498
35561
35627
35694
35759
35823
35882
35944
36007
36071
36131
36193
36253
36316
36376
36432
36494
36552
36612
36677
36745
36811
36877
36942
37005
37068
37134
37196
37254
37313
37372
37431
37484
37540
37595
37648
37699
37754
37819
37880
37940
38001
38064
38122
38182
38236
38293
38348
38399
38459
38519
38578
38636
38693
38748
38806
38858
38914
38968
39024
39081
39139
39194
39248
39304
39364
39422
39484
39544
39600
39654
39711
39770
39830
39893
39950
40006
40065
40120
40181
40239
40300
40352
40409
40463
40525
40582
40639
40696
40746
40804
40859
40919
40973
41027
41079
41133
41186
41239
41292
41345
41405
41455
41523
41578
41647
41711
41769
41826
1433217832084
0
3728
3789
3853
3914
3979
4047
4112
4170
4234
4294
4356
4423
4502
4585
4647
4709
4771
4836
4894
4956
5016
5080
5154
5220
5281
5351
5415
5479
5541
5605
5675
5736
5809
5872
5939
6003
6066
6127
6189
6253
6310
6376
6445
6517
6586
6656
6723
6787
6854
6924
6991
1433217980798
0
1591
1657
1728
1802
1883
1977
2059
2146
2225
2288
2356
2428
2500
2566
2633
2703
2763
2828
2894
2957
3023
3089
3165
3236
3308
3379
3446
3515
3583
3653
3717
3795
3862
3938
4009
4078
4147
4210
4282
4351
4421
4495
4564
4630
4704
4773
4841
4905
4977
5047
5117
5189
5262
5342
5414
5491
5559
5631
1433218053735
0
2058
2125
2193
2262
2328
2394
2463
2553
2617
2686
2756
2823
2891
2963
3032
3102
3167
3236
3301
3368
3435
3504
3580
3650
3722
3792
3858
3924
3989
4051
4117
4185
4252
4325
4399
4467
4538
4600
4670
4738
4806
4874
4940
5006
5077
1433218774129
0
2272
2341
2413
2484
2556
2625
2694
2761
2828
2897
2966
3040
3104
3177
3246
3315
3391
3457
3527
3594
3659
3730
3798
3866
3934
4003
4075
4145
4213
4280
4349
4418
4490
4566
4640
4711
4780
4848
4913
4985
5051
5116
5187
5256
5326
5398
5463
5532
5597
5662
5731
5803
5879
5958
6032
6101
6167
6233
6302
6373
6444
6512
6579
6654
6738
6812
6883
6947
7009
7074
7145
7210
7281
7348
7412
7478
7538
7604
7658
7713
7769
7824
7883
7943
8009
8072
8129
8191
8250
8312
8376
8438
8497
8559
8625
8687
8746
8810
8867
8927
8986
1433225697685
0
2695
5786
7980
12076
16109
17362
18486
20252
21975
22910
24018
26125
29425
1433225820825
0
1433226883893
0
6253
6998
7879
9352
10821
11469
11923
12541
13272
13835
14316
15080
16006
17150
18189
18735
18912
19189
19559
20074
20558
21266
22156
23349
24507
25399
25523
25710
26034
26469
27424
28182
29221
30661
32193
33211
33546
33912
34303
1433230222006
0
2466
2531
2603
2679
2751
2821
2887
2955
3018
3087
3160
3245
3317
3387
3453
3520
3586
3652
3714
3783
3860
3931
3998
4065
4136
4210
4276
4349
4410
4479
4552
4620
4690
4764
4835
4908
4983
5051
5124
5191
5263
5330
5396
5468
5541
5611
5681
5751
5817
5884
5959
6029
6100
6171
6243
6320
6390
6458
6530
6609
6680
6749
6823
6899
6970
7044
7115
7187
7251
7318
7385
7455
7522
7597
7663
7727
7788
7849
7908
7971
8023
8075
8126
8187
8248
8306
8368
8429
8488
8548
8608
8672
8735
8799
8872
8933
8992
9056
9115
9175
9228
